SIZES
  narena                14680064
  nbuffer               437536
  nplugin               0
  maxuse_stack          8448
  maxuse_arena          31584
  maxuse_con            4
  maxuse_efc            19
  solver_nisland        1
  ne                    0
  nf                    0
  nl                    3
  nefc                  11
  nnzJ                  198
  ncon                  2
  nisland               0
  threadpool            0

TIMER
    0:  duration =  0.048      number = 1
    1:  duration =  0.046      number = 1
    2:  duration =  0          number = 0
    3:  duration =  0.032      number = 1
    4:  duration =  0.002      number = 1
    5:  duration =  0.00064    number = 1
    6:  duration =  0.0075     number = 1
    7:  duration =  0.0013     number = 1
    8:  duration =  0.0036     number = 1
    9:  duration =  0.0013     number = 1
    10:  duration =  0.022      number = 1
    11:  duration =  0.0044     number = 1
    12:  duration =  0.00014    number = 1
    13:  duration =  0.0059     number = 1
    14:  duration =  0.0087     number = 1

SOLVER STAT
  solver_nisland = 1
  solver_fwdinv =   0         0       
  ISLAND 0
    solver_niter = 1
    solver_nnz = 324
      0:  improvement =  1.1         gradient =  1.3e-15     lineslope =  0       
          nactive = 5   nchange = 0   neval = 2   nupdate = 0

ENERGY =   0         0       

TIME =  7.9     

QPOS
   6.5     
   0.4     
   0.29    
   0.91    
   0.25    
   0.0099  
   0.33    
  -0.4     
  -1       
   2.4     
   0.3     
  -1.1     
   2.3     
  -0.41    
  -0.82    
   0.83    
   0.2     
  -1.7     
   2.7     

QVEL
  -0.046   
  -0.029   
   0.17    
   1.7     
  -1.5     
   0.74    
   0.12    
   7.1     
  -9.2     
   1.5     
  -1.1     
  -1.3     
   0.028   
   1.4     
  -4.7     
   5.1     
   7.1     
  -2.1     

QACC_WARMSTART
   2.7     
  -4.7     
  -3.5     
   17      
   17      
  -7.5     
  -16      
   20      
  -7.5e+02 
  -1.3e+02 
   4.5     
   1.6e+02 
  -1.5     
  -38      
   2.2e+02 
   11      
   1.6e+02 
  -3.1e+02 

CTRL
  -56      
   4.6     
  -1.1e+02 
  -40      
   10      
   1.1     
  -84      
   17      
   3.3     
   0.16    
   32      
  -43      

QFRC_APPLIED
   0       
   0       
   0       
   0       
   0       
   0       
   0       
   0       
   0       
   0       
   0       
   0       
   0       
   0       
   0       
   0       
   0       
   0       

XFRC_APPLIED
   0         0         0         0         0         0       
   0         0         0         0         0         0       
   0         0         0         0         0         0       
   0         0         0         0         0         0       
   0         0         0         0         0         0       
   0         0         0         0         0         0       
   0         0         0         0         0         0       
   0         0         0         0         0         0       
   0         0         0         0         0         0       
   0         0         0         0         0         0       
   0         0         0         0         0         0       
   0         0         0         0         0         0       
   0         0         0         0         0         0       
   0         0         0         0         0         0       

QACC
   2.7     
  -4.7     
  -3.5     
   17      
   17      
  -7.5     
  -16      
   20      
  -7.5e+02 
  -1.3e+02 
   4.5     
   1.6e+02 
  -1.5     
  -38      
   2.2e+02 
   11      
   1.6e+02 
  -3.1e+02 

SENSOR
  -0.4     
  -1       
   2.4     
   0.29    
  -1.1     
   2.3     
  -0.41    
  -0.82    
   0.83    
   0.19    
  -1.7     
   2.7     
   0.14    
   7.1     
  -8.5     
   1.7     
  -1.1     
  -1.5     
   0.029   
   1.4     
  -4.9     
   5.1     
   7       
  -1.8     
  -56      
   4.6     
  -1.1e+02 
  -40      
   10      
   1.1     
  -84      
   17      
   3.3     
   0.16    
   32      
  -43      
   0.91    
   0.25    
   0.01    
   0.33    
   1.7     
  -1.5     
   0.74    
   0.26    
  -1.7     
   8.1     
   6.5     
   0.4     
   0.29    
  -0.048   
  -0.024   
   0.17    

XPOS
   0         0         0       
   6.5       0.4       0.29    
   6.6       0.64      0.37    
   6.6       0.69      0.46    
   6.3       0.62      0.33    
   6.7       0.53      0.29    
   6.8       0.44      0.27    
   6.6       0.31      0.095   
   6.2       0.28      0.28    
   6.1       0.33      0.37    
   5.9       0.33      0.22    
   6.3       0.18      0.2     
   6.4       0.089     0.17    
   6.1      -0.1       0.16    

XQUAT
   1         0         0         0       
   0.91      0.25      0.01      0.33    
   0.84      0.43      0.076     0.32    
   0.69      0.21      0.49      0.49    
   0.7       0.54     -0.47     -0.019   
   0.94      0.12     -0.038     0.33    
   0.83     -0.065     0.44      0.34    
   0.75      0.28     -0.56      0.2     
   0.84      0.43      0.077     0.32    
   0.74      0.27      0.41      0.47    
   0.84      0.43      0.075     0.32    
   0.93      0.16     -0.022     0.33    
   0.64     -0.13      0.67      0.34    
   0.8       0.31     -0.47      0.21    

XMAT
   1         0         0         0         1         0         0         0         1       
   0.78     -0.6       0.19      0.61      0.65     -0.45      0.15      0.47      0.87    
   0.78     -0.47      0.41      0.61      0.42     -0.67      0.15      0.77      0.62    
   0.04     -0.47      0.88      0.89      0.42      0.19     -0.46      0.77      0.44    
   0.56     -0.47     -0.68     -0.53      0.42     -0.74      0.63      0.77     -0.013   
   0.78     -0.62      0.0064    0.61      0.76     -0.25      0.15      0.2       0.97    
   0.37     -0.62      0.69      0.51      0.76      0.41     -0.77      0.2       0.6     
   0.29     -0.62     -0.73     -0.0091    0.76     -0.65      0.96      0.2       0.21    
   0.78     -0.47      0.41      0.61      0.42     -0.68      0.15      0.78      0.61    
   0.23     -0.47      0.85      0.91      0.42     -0.014    -0.35      0.78      0.53    
   0.78     -0.47      0.4       0.6       0.42     -0.68      0.15      0.78      0.61    
   0.78     -0.62      0.069     0.61      0.73     -0.32      0.15      0.29      0.94    
  -0.14     -0.62      0.77      0.26      0.73      0.63     -0.95      0.29      0.059   
   0.46     -0.62     -0.63      0.041     0.73     -0.68      0.88      0.29      0.36    

XIPOS
   0         0         0       
   6.5       0.42      0.28    
   6.6       0.62      0.35    
   6.6       0.66      0.42    
   6.5       0.76      0.34    
   6.7       0.54      0.29    
   6.8       0.44      0.25    
   6.7       0.43      0.063   
   6.2       0.28      0.27    
   6.1       0.31      0.33    
   5.8       0.46      0.1     
   6.3       0.19      0.21    
   6.3       0.082     0.18    
   6.3       0.027     0.099   

XIMAT
   1         0         0         0         1         0         0         0         1       
   0.17      0.59      0.79     -0.43     -0.68      0.6       0.89     -0.43      0.14    
  -0.26      0.43      0.86      0.5      -0.7       0.5       0.82      0.57     -0.032   
  -0.3       0.032     0.95      0.52     -0.83      0.19      0.8       0.55      0.24    
  -0.5      -0.54     -0.68      0.44      0.52     -0.73      0.75     -0.66     -0.024   
  -0.78     -0.061     0.62      0.62     -0.19      0.76      0.069     0.98      0.18    
  -0.8      -0.09      0.6       0.51     -0.62      0.59      0.32      0.78      0.54    
  -0.61     -0.3      -0.73      0.76      0.048    -0.65      0.23     -0.95      0.2     
  -0.6       0.46      0.66      0.21     -0.7       0.68      0.78      0.54      0.32    
  -0.26     -0.2       0.94      0.62     -0.79      0.0069    0.74      0.59      0.33    
  -0.5      -0.77      0.39      0.39     -0.61     -0.69      0.77     -0.19      0.61    
  -0.43      0.034     0.9       0.86     -0.27      0.43      0.26      0.96      0.087   
  -0.67      0.42      0.62      0.51     -0.34      0.79      0.54      0.84      0.013   
  -0.6      -0.48     -0.64      0.73     -0.0026   -0.68      0.33     -0.88      0.35    

XANCHOR
   6.5       0.4       0.29    
   6.6       0.64      0.37    
   6.6       0.69      0.46    
   6.3       0.62      0.33    
   6.7       0.53      0.29    
   6.8       0.44      0.27    
   6.6       0.31      0.095   
   6.2       0.28      0.28    
   6.1       0.33      0.37    
   5.9       0.33      0.22    
   6.3       0.18      0.2     
   6.4       0.089     0.17    
   6.1      -0.1       0.16    

XAXIS
   0         0         1       
  -0.78     -0.61     -0.15    
   0.47     -0.42     -0.77    
   0.47     -0.42     -0.77    
  -0.78     -0.61     -0.15    
   0.62     -0.76     -0.2     
   0.62     -0.76     -0.2     
  -0.78     -0.61     -0.15    
   0.47     -0.42     -0.78    
   0.47     -0.42     -0.78    
  -0.78     -0.61     -0.15    
   0.62     -0.73     -0.29    
   0.62     -0.73     -0.29    

GEOM_XPOS
   0         0         0       
   6.5       0.41      0.29    
   6.5       0.4       0.29    
   6.8       0.65      0.36    
   6.1       0.15      0.24    
   6.6       0.62      0.35    
   6.6       0.68      0.44    
   6.6       0.66      0.43    
   6.6       0.69      0.46    
   6.5       0.64      0.41    
   6.5       0.76      0.34    
   6.4       0.64      0.35    
   6.5       0.71      0.36    
   6.5       0.79      0.35    
   6.5       0.85      0.34    
   6.7       0.54      0.29    
   6.8       0.46      0.27    
   6.8       0.43      0.25    
   6.7       0.37      0.2     
   6.7       0.44      0.062   
   6.6       0.34      0.1     
   6.7       0.41      0.1     
   6.8       0.47      0.066   
   6.8       0.51      0.029   
   6.1       0.32      0.36    
   6.2       0.28      0.27    
   6.1       0.31      0.33    
   6         0.32      0.31    
   5.8       0.47      0.1     
   5.9       0.37      0.19    
   5.8       0.46      0.13    
   5.8       0.51      0.073   
   5.7       0.54      0.03    
   6.3       0.11      0.17    
   6.3       0.2       0.21    
   6.3       0.069     0.18    
   6.3       0.00091   0.18    
   6.3       0.03      0.099   
   6.2      -0.071     0.16    
   6.2       0.0044    0.14    
   6.3       0.066     0.094   
   6.3       0.11      0.049   

GEOM_XMAT
   1         0         0         0         1         0         0         0         1       
   0.19      0.6       0.77     -0.44     -0.65      0.62      0.88     -0.46      0.15    
   0.78     -0.6       0.19      0.61      0.65     -0.45      0.15      0.47      0.87    
   0.78     -0.6       0.19      0.61      0.65     -0.45      0.15      0.47      0.87    
   0.78     -0.6       0.19      0.61      0.65     -0.45      0.15      0.47      0.87    
  -0.24      0.56      0.79      0.55     -0.59      0.59      0.8       0.58     -0.17    
   0.78      0.41      0.47      0.61     -0.67     -0.42      0.15      0.62     -0.77    
  -0.31     -0.057     0.95      0.77     -0.6       0.22      0.56      0.8       0.23    
   0.04      0.88      0.47      0.89      0.19     -0.42     -0.46      0.44     -0.77    
   0.04     -0.47      0.88      0.89      0.42      0.19     -0.46      0.77      0.44    
  -0.48     -0.55     -0.68      0.43      0.53     -0.74      0.76     -0.64     -0.017   
   0.26     -0.47     -0.84     -0.77      0.42     -0.47      0.58      0.77     -0.26    
   0.56     -0.47     -0.68     -0.53      0.42     -0.74      0.63      0.77     -0.013   
   0.8      -0.47     -0.36     -0.16      0.42     -0.89      0.58      0.77      0.26    
   0.56     -0.47     -0.68     -0.53      0.42     -0.74      0.63      0.77     -0.013   
  -0.81      0.077     0.58      0.57     -0.081     0.82      0.11      0.99      0.022   
   0.78      0.0064    0.62      0.61     -0.25     -0.76      0.15      0.97     -0.2     
  -0.8       0.052     0.6       0.41     -0.69      0.6       0.45      0.72      0.53    
   0.37     -0.62      0.69      0.51      0.76      0.41     -0.77      0.2       0.6     
  -0.62     -0.3      -0.73      0.76      0.023    -0.65      0.21     -0.96      0.21    
  -0.015    -0.62     -0.78     -0.26      0.76     -0.6       0.96      0.2      -0.18    
   0.29     -0.62     -0.73     -0.0091    0.76     -0.65      0.96      0.2       0.21    
   0.58     -0.62     -0.53      0.28      0.76     -0.59      0.77      0.2       0.61    
   0.29     -0.62     -0.73     -0.0091    0.76     -0.65      0.96      0.2       0.21    
   0.78      0.41      0.47      0.61     -0.68     -0.42      0.15      0.61     -0.78    
  -0.65      0.32      0.69      0.21     -0.8       0.57      0.73      0.51      0.45    
  -0.24     -0.23      0.94      0.75     -0.66      0.025     0.62      0.71      0.33    
   0.23     -0.47      0.85      0.91      0.42     -0.014    -0.35      0.78      0.53    
  -0.48     -0.78      0.4       0.41     -0.6      -0.68      0.77     -0.17      0.61    
   0.88     -0.47      0.066     0.29      0.42     -0.86      0.38      0.78      0.5     
   0.78     -0.47      0.4       0.6       0.42     -0.68      0.15      0.78      0.61    
   0.53     -0.47      0.7       0.84      0.42     -0.35     -0.13      0.78      0.62    
   0.78     -0.47      0.4       0.6       0.42     -0.68      0.15      0.78      0.61    
   0.78      0.069     0.62      0.61     -0.32     -0.73      0.15      0.94     -0.29    
  -0.39     -0.11      0.92      0.87     -0.36      0.33      0.3       0.93      0.23    
  -0.58      0.51      0.63      0.48     -0.41      0.78      0.66      0.75     -0.0068  
  -0.14     -0.62      0.77      0.26      0.73      0.63     -0.95      0.29      0.059   
  -0.61     -0.47     -0.64      0.73     -0.027    -0.68      0.3      -0.88      0.36    
   0.18     -0.62     -0.76     -0.23      0.73     -0.65      0.96      0.29     -0.01    
   0.46     -0.62     -0.63      0.041     0.73     -0.68      0.88      0.29      0.36    
   0.69     -0.62     -0.37      0.33      0.73     -0.6       0.64      0.29      0.71    
   0.46     -0.62     -0.63      0.041     0.73     -0.68      0.88      0.29      0.36    

SITE_XPOS
   6.5       0.4       0.29    

SITE_XMAT
   0.78     -0.6       0.19      0.61      0.65     -0.45      0.15      0.47      0.87    

LIGHT_XPOS
   0         0         1.5     

LIGHT_XDIR
   0         0        -1       

SUBTREE_COM
   6.4       0.4       0.28    
   6.4       0.4       0.28    
   6.6       0.66      0.39    
   6.5       0.67      0.4     
   6.5       0.76      0.34    
   6.7       0.46      0.24    
   6.8       0.44      0.22    
   6.7       0.43      0.063   
   6.1       0.32      0.29    
   6.1       0.34      0.29    
   5.8       0.46      0.1     
   6.3       0.1       0.18    
   6.3       0.073     0.17    
   6.3       0.027     0.099   

CDOF
   0         0         0         1         0         0       
   0         0         0         0         1         0       
   0         0         0         0         0         1       
   0.78      0.61      0.15     -0.0083    0.0073    0.014   
  -0.6       0.65      0.47     -0.009    -0.019     0.015   
   0.19     -0.45      0.87      0.006    -0.017    -0.01    
  -0.78     -0.61     -0.15      0.018    -0.038     0.06    
   0.47     -0.42     -0.77     -0.14      0.2      -0.2     
   0.47     -0.42     -0.77     -0.15     -0.068    -0.052   
  -0.78     -0.61     -0.15     -0.012     0.035    -0.079   
   0.62     -0.76     -0.2      -0.017     0.065    -0.3     
   0.62     -0.76     -0.2      -0.12     -0.083    -0.065   
  -0.78     -0.61     -0.15      0.018    -0.038     0.06    
   0.47     -0.42     -0.78      0.093    -0.2       0.16    
   0.47     -0.42     -0.78      0.033    -0.47      0.27    
  -0.78     -0.61     -0.15     -0.012     0.035    -0.079   
   0.62     -0.73     -0.29      0.011    -0.093     0.25    
   0.62     -0.73     -0.29      0.062    -0.16      0.54    

CINERT
   0         0         0         0         0         0         0         0         0         0       
   0.77      1.1       1.6      -0.57     -0.11     -0.16      0.48      0.42      0.13      32      
   0.088     0.078     0.15     -0.072    -0.024    -0.025     0.32      0.35      0.11      1.6     
   0.39      0.19      0.4      -0.14     -0.079    -0.16      0.51      1.1       0.61      4.5     
   0.11      0.0096    0.11     -0.01     -0.00099  -0.018     0.01      0.28      0.05      0.79    
   0.033     0.13      0.16     -0.062    -0.0069   -0.0034    0.44      0.22      0.024     1.6     
   0.044     0.48      0.49     -0.065     0.028    -0.0072    1.4       0.16     -0.13      4.4     
   0.044     0.12      0.087    -0.014     0.054     0.0072    0.24      0.026    -0.17      0.79    
   0.028     0.094     0.12     -0.048    -0.005    -0.0025   -0.38     -0.2      -0.019     1.6     
   0.059     0.57      0.59     -0.14      0.057     0.019    -1.5      -0.4       0.2       4.5     
   0.038     0.35      0.33      0.034    -0.091     0.014    -0.5       0.049    -0.14      0.79    
   0.079     0.053     0.12     -0.055    -0.018    -0.022    -0.26     -0.33     -0.11      1.6     
   0.53      0.15      0.59     -0.22     -0.06     -0.14     -0.62     -1.4      -0.42      4.4     
   0.14      0.06      0.15     -0.061    -0.024    -0.05     -0.15     -0.3      -0.14      0.79    

ACTUATOR_LENGTH
  -0.4     
  -1       
   2.4     
   0.29    
  -1.1     
   2.3     
  -0.41    
  -0.82    
   0.83    
   0.19    
  -1.7     
   2.7     

ACTUATOR_MOMENT
   0         0         0         0         0         0         1         0         0         0         0         0         0         0         0         0         0         0       
   0         0         0         0         0         0         0         1         0         0         0         0         0         0         0         0         0         0       
   0         0         0         0         0         0         0         0         1         0         0         0         0         0         0         0         0         0       
   0         0         0         0         0         0         0         0         0         1         0         0         0         0         0         0         0         0       
   0         0         0         0         0         0         0         0         0         0         1         0         0         0         0         0         0         0       
   0         0         0         0         0         0         0         0         0         0         0         1         0         0         0         0         0         0       
   0         0         0         0         0         0         0         0         0         0         0         0         1         0         0         0         0         0       
   0         0         0         0         0         0         0         0         0         0         0         0         0         1         0         0         0         0       
   0         0         0         0         0         0         0         0         0         0         0         0         0         0         1         0         0         0       
   0         0         0         0         0         0         0         0         0         0         0         0         0         0         0         1         0         0       
   0         0         0         0         0         0         0         0         0         0         0         0         0         0         0         0         1         0       
   0         0         0         0         0         0         0         0         0         0         0         0         0         0         0         0         0         1       

CRB
   0         0         0         0         0         0         0         0         0         0       
   2.4       3.4       4.9      -1.4      -0.28     -0.54      1.6e-14  -1.3e-15   3.7e-15   59      
   0.59      0.28      0.66     -0.22     -0.1      -0.2       0.85      1.8       0.77      6.8     
   0.5       0.2       0.51     -0.15     -0.08     -0.17      0.53      1.4       0.66      5.3     
   0.11      0.0096    0.11     -0.01     -0.00099  -0.018     0.01      0.28      0.05      0.79    
   0.12      0.73      0.73     -0.14      0.075    -0.0033    2.1       0.41     -0.27      6.8     
   0.088     0.6       0.57     -0.079     0.082     7e-05     1.6       0.19     -0.3       5.2     
   0.044     0.12      0.087    -0.014     0.054     0.0072    0.24      0.026    -0.17      0.79    
   0.12      1         1        -0.15     -0.04      0.03     -2.4      -0.55      0.046     6.8     
   0.097     0.92      0.93     -0.1      -0.035     0.033    -2        -0.35      0.065     5.2     
   0.038     0.35      0.33      0.034    -0.091     0.014    -0.5       0.049    -0.14      0.79    
   0.75      0.26      0.85     -0.33     -0.1      -0.21     -1        -2        -0.67      6.8     
   0.67      0.21      0.74     -0.28     -0.084    -0.19     -0.76     -1.7      -0.57      5.2     
   0.14      0.06      0.15     -0.061    -0.024    -0.05     -0.15     -0.3      -0.14      0.79    

QM
   59        0         0        -0.49     -0.54      0.36     -0.084     0.068     0.08      0.14      0.18      0.039     0.011     0.19      0.12      0.02     -0.033     0.066   
   0         59        0         0.43     -1.1      -1         0.22      0.31     -0.085    -0.29      0.2      -0.0062    0.14      0.5       0.086    -0.13      0.089     0.0011  
   0         0         59        0.83      0.87     -0.61     -0.46     -0.13      0.096     0.41     -0.23      0.15     -0.61     -0.15      0.028     0.44     -0.29      0.14    
  -0.49      0.43      0.83      1.4       0.1      -0.08     -0.13     -0.05      0.029    -0.14      0.053    -0.028    -0.26     -0.068     0.0016   -0.1       0.061    -0.027   
  -0.54     -1.1       0.87      0.1       4.4       0.11      0.11     -0.013    -0.045    -0.11     -0.021    -0.049    -0.25     -0.29     -0.056     0.16     -0.17      0.039   
   0.36     -1        -0.61     -0.08      0.11      5.2       0.0051   -0.052    -0.024    -0.0085    0.053     0.025     0.12     -0.21     -0.056    -0.047     0.031     0.0071  
  -0.084     0.22     -0.46     -0.13      0.11      0.0051    0.19      0.032    -0.018     0         0         0         0         0         0         0         0         0       
   0.068     0.31     -0.13     -0.05     -0.013    -0.052     0.032     0.2       0.0064    0         0         0         0         0         0         0         0         0       
   0.08     -0.085     0.096     0.029    -0.045    -0.024    -0.018     0.0064    0.14      0         0         0         0         0         0         0         0         0       
   0.14     -0.29      0.41     -0.14     -0.11     -0.0085    0         0         0         0.2      -0.033     0.018     0         0         0         0         0         0       
   0.18      0.2      -0.23      0.053    -0.021     0.053     0         0         0        -0.033     0.21      0.011     0         0         0         0         0         0       
   0.039    -0.0062    0.15     -0.028    -0.049     0.025     0         0         0         0.018     0.011     0.14      0         0         0         0         0         0       
   0.011     0.14     -0.61     -0.26     -0.25      0.12      0         0         0         0         0         0         0.31      0.043    -0.001     0         0         0       
   0.19      0.5      -0.15     -0.068    -0.29     -0.21      0         0         0         0         0         0         0.043     0.33      0.07      0         0         0       
   0.12      0.086     0.028     0.0016   -0.056    -0.056     0         0         0         0         0         0        -0.001     0.07      0.14      0         0         0       
   0.02     -0.13      0.44     -0.1       0.16     -0.047     0         0         0         0         0         0         0         0         0         0.17     -0.038     0.016   
  -0.033     0.089    -0.29      0.061    -0.17      0.031     0         0         0         0         0         0         0         0         0        -0.038     0.19     -6.6e-05 
   0.066     0.0011    0.14     -0.027     0.039     0.0071    0         0         0         0         0         0         0         0         0         0.016    -6.6e-05   0.14    

QLD
   59        0.0013   -0.0022   -0.47     -0.067     0.097    -0.46      0.32      0.56      0.87      0.84      0.27     -0.025     0.44      0.85      0.039    -0.18      0.46    
   0.0013    57        0.033     0.52     -0.18     -0.16      0.86      1.6      -0.6      -1.3       0.99     -0.043     0.23      1.6       0.61     -0.73      0.48      0.008   
  -0.0022    0.033     54        0.69      0.062    -0.046    -2.3      -0.66      0.67      1.8      -1.2       1        -2        -0.57      0.19      2.3      -1.6       0.96    
  -0.47      0.52      0.69      0.9       0.00019  -0.0087   -0.66     -0.26      0.2      -0.67      0.27     -0.2      -0.82     -0.24      0.011    -0.55      0.33     -0.19    
  -0.067    -0.18      0.062     0.00019   3.6       0.016     0.58     -0.056    -0.32     -0.56     -0.085    -0.34     -0.7      -0.89     -0.39      0.79     -0.93      0.27    
   0.097    -0.16     -0.046    -0.0087    0.016     4.9       0.056    -0.26     -0.17     -0.015     0.25      0.17      0.5      -0.64     -0.39     -0.27      0.17      0.05    
  -0.46      0.86     -2.3      -0.66      0.58      0.056     0.19      0.16     -0.13      0         0         0         0         0         0         0         0         0       
   0.32      1.6      -0.66     -0.26     -0.056    -0.26      0.16      0.2       0.045     0         0         0         0         0         0         0         0         0       
   0.56     -0.6       0.67      0.2      -0.32     -0.17     -0.13      0.045     0.14      0         0         0         0         0         0         0         0         0       
   0.87     -1.3       1.8      -0.67     -0.56     -0.015     0         0         0         0.19     -0.17      0.12      0         0         0         0         0         0       
   0.84      0.99     -1.2       0.27     -0.085     0.25      0         0         0        -0.17      0.21      0.074     0         0         0         0         0         0       
   0.27     -0.043     1        -0.2      -0.34      0.17      0         0         0         0.12      0.074     0.14      0         0         0         0         0         0       
  -0.025     0.23     -2        -0.82     -0.7       0.5       0         0         0         0         0         0         0.3       0.15     -0.0072    0         0         0       
   0.44      1.6      -0.57     -0.24     -0.89     -0.64      0         0         0         0         0         0         0.15      0.29      0.49      0         0         0       
   0.85      0.61      0.19      0.011    -0.39     -0.39      0         0         0         0         0         0        -0.0072    0.49      0.14      0         0         0       
   0.039    -0.73      2.3      -0.55      0.79     -0.27      0         0         0         0         0         0         0         0         0         0.16     -0.2       0.12    
  -0.18      0.48     -1.6       0.33     -0.93      0.17      0         0         0         0         0         0         0         0         0        -0.2       0.19     -0.00046 
   0.46      0.008     0.96     -0.19      0.27      0.05      0         0         0         0         0         0         0         0         0         0.12     -0.00046   0.14    

QLDIAGINV
   0.017   
   0.018   
   0.018   
   1.1     
   0.28    
   0.2     
   5.4     
   5       
   7       
   5.2     
   4.8     
   7       
   3.3     
   3.4     
   7       
   6.3     
   5.4     
   7       

QLDIAGSQRTINV
   0.13    
   0.13    
   0.14    
   1.1     
   0.53    
   0.45    
   2.3     
   2.2     
   2.6     
   2.3     
   2.2     
   2.6     
   1.8     
   1.8     
   2.6     
   2.5     
   2.3     
   2.6     

B_rownnz              18 18 9 9 9 9 9 9 9 9 9 9 9 9

B_rowadr              0 18 36 45 54 63 72 81 90 99 108 117 126 135

B_colind              0 1 2 3 4 5 6 7 8 9 10 11 12 13 14 15 16 17 0 1 2 3 4 5 6 7 8 9 10 11 12 13 14 15 16 17 0 1 2 3 4 5 6 7 8 0 1 2 3 4 5 6 7 8 0 1 2 3 4 5 6 7 8 0 1 2 3 4 5 9 10 11 0 1 2 3 4 5 9 10 11 0 1 2 3 4 5 9 10 11 0 1 2 3 4 5 12 13 14 0 1 2 3 4 5 12 13 14 0 1 2 3 4 5 12 13 14 0 1 2 3 4 5 15 16 17 0 1 2 3 4 5 15 16 17 0 1 2 3 4 5 15 16 17

C_rownnz              18 18 18 18 18 18 9 9 9 9 9 9 9 9 9 9 9 9

C_rowadr              0 18 36 54 72 90 108 117 126 135 144 153 162 171 180 189 198 207

C_colind              0 1 2 3 4 5 6 7 8 9 10 11 12 13 14 15 16 17 0 1 2 3 4 5 6 7 8 9 10 11 12 13 14 15 16 17 0 1 2 3 4 5 6 7 8 9 10 11 12 13 14 15 16 17 0 1 2 3 4 5 6 7 8 9 10 11 12 13 14 15 16 17 0 1 2 3 4 5 6 7 8 9 10 11 12 13 14 15 16 17 0 1 2 3 4 5 6 7 8 9 10 11 12 13 14 15 16 17 0 1 2 3 4 5 6 7 8 0 1 2 3 4 5 6 7 8 0 1 2 3 4 5 6 7 8 0 1 2 3 4 5 9 10 11 0 1 2 3 4 5 9 10 11 0 1 2 3 4 5 9 10 11 0 1 2 3 4 5 12 13 14 0 1 2 3 4 5 12 13 14 0 1 2 3 4 5 12 13 14 0 1 2 3 4 5 15 16 17 0 1 2 3 4 5 15 16 17 0 1 2 3 4 5 15 16 17

mapM2C                0 2 5 9 14 20 27 35 44 51 59 68 75 83 92 99 107 116 2 1 4 8 13 19 26 34 43 50 58 67 74 82 91 98 106 115 5 4 3 7 12 18 25 33 42 49 57 66 73 81 90 97 105 114 9 8 7 6 11 17 24 32 41 48 56 65 72 80 89 96 104 113 14 13 12 11 10 16 23 31 40 47 55 64 71 79 88 95 103 112 20 19 18 17 16 15 22 30 39 46 54 63 70 78 87 94 102 111 27 26 25 24 23 22 21 29 38 35 34 33 32 31 30 29 28 37 44 43 42 41 40 39 38 37 36 51 50 49 48 47 46 45 53 62 59 58 57 56 55 54 53 52 61 68 67 66 65 64 63 62 61 60 75 74 73 72 71 70 69 77 86 83 82 81 80 79 78 77 76 85 92 91 90 89 88 87 86 85 84 99 98 97 96 95 94 93 101 110 107 106 105 104 103 102 101 100 109 116 115 114 113 112 111 110 109 108

D_rownnz              18 18 18 18 18 18 9 9 9 9 9 9 9 9 9 9 9 9

D_rowadr              0 18 36 54 72 90 108 117 126 135 144 153 162 171 180 189 198 207

D_colind              0 1 2 3 4 5 6 7 8 9 10 11 12 13 14 15 16 17 0 1 2 3 4 5 6 7 8 9 10 11 12 13 14 15 16 17 0 1 2 3 4 5 6 7 8 9 10 11 12 13 14 15 16 17 0 1 2 3 4 5 6 7 8 9 10 11 12 13 14 15 16 17 0 1 2 3 4 5 6 7 8 9 10 11 12 13 14 15 16 17 0 1 2 3 4 5 6 7 8 9 10 11 12 13 14 15 16 17 0 1 2 3 4 5 6 7 8 0 1 2 3 4 5 6 7 8 0 1 2 3 4 5 6 7 8 0 1 2 3 4 5 9 10 11 0 1 2 3 4 5 9 10 11 0 1 2 3 4 5 9 10 11 0 1 2 3 4 5 12 13 14 0 1 2 3 4 5 12 13 14 0 1 2 3 4 5 12 13 14 0 1 2 3 4 5 15 16 17 0 1 2 3 4 5 15 16 17 0 1 2 3 4 5 15 16 17

mapM2D                0 2 5 9 14 20 27 35 44 51 59 68 75 83 92 99 107 116 2 1 4 8 13 19 26 34 43 50 58 67 74 82 91 98 106 115 5 4 3 7 12 18 25 33 42 49 57 66 73 81 90 97 105 114 9 8 7 6 11 17 24 32 41 48 56 65 72 80 89 96 104 113 14 13 12 11 10 16 23 31 40 47 55 64 71 79 88 95 103 112 20 19 18 17 16 15 22 30 39 46 54 63 70 78 87 94 102 111 27 26 25 24 23 22 21 29 38 35 34 33 32 31 30 29 28 37 44 43 42 41 40 39 38 37 36 51 50 49 48 47 46 45 53 62 59 58 57 56 55 54 53 52 61 68 67 66 65 64 63 62 61 60 75 74 73 72 71 70 69 77 86 83 82 81 80 79 78 77 76 85 92 91 90 89 88 87 86 85 84 99 98 97 96 95 94 93 101 110 107 106 105 104 103 102 101 100 109 116 115 114 113 112 111 110 109 108

mapD2M                0 19 18 38 37 36 57 56 55 54 76 75 74 73 72 95 94 93 92 91 90 114 113 112 111 110 109 108 124 123 122 121 120 119 118 117 134 133 132 131 130 129 128 127 126 141 140 139 138 137 136 135 151 150 149 148 147 146 145 144 161 160 159 158 157 156 155 154 153 168 167 166 165 164 163 162 178 177 176 175 174 173 172 171 188 187 186 185 184 183 182 181 180 195 194 193 192 191 190 189 205 204 203 202 201 200 199 198 215 214 213 212 211 210 209 208 207

QDERIV
   0         0         0         0         0         0         0         0         0         0         0         0         0         0         0         0         0         0       
   0         0         0         0         0         0         0         0         0         0         0         0         0         0         0         0         0         0       
   0         0         0         0         0         0         0         0         0         0         0         0         0         0         0         0         0         0       
   0         0         0         0         0         0         0         0         0         0         0         0         0         0         0         0         0         0       
   0         0         0         0         0         0         0         0         0         0         0         0         0         0         0         0         0         0       
   0         0         0         0         0         0         0         0         0         0         0         0         0         0         0         0         0         0       
   0         0         0         0         0         0         0         0         0         0         0         0         0         0         0         0         0         0       
   0         0         0         0         0         0         0         0         0         0         0         0         0         0         0         0         0         0       
   0         0         0         0         0         0         0         0         0         0         0         0         0         0         0         0         0         0       
   0         0         0         0         0         0         0         0         0         0         0         0         0         0         0         0         0         0       
   0         0         0         0         0         0         0         0         0         0         0         0         0         0         0         0         0         0       
   0         0         0         0         0         0         0         0         0         0         0         0         0         0         0         0         0         0       
   0         0         0         0         0         0         0         0         0         0         0         0         0         0         0         0         0         0       
   0         0         0         0         0         0         0         0         0         0         0         0         0         0         0         0         0         0       
   0         0         0         0         0         0         0         0         0         0         0         0         0         0         0         0         0         0       
   0         0         0         0         0         0         0         0         0         0         0         0         0         0         0         0         0         0       
   0         0         0         0         0         0         0         0         0         0         0         0         0         0         0         0         0         0       
   0         0         0         0         0         0         0         0         0         0         0         0         0         0         0         0         0         0       

QLU
   0         0         0         0         0         0         0         0         0         0         0         0         0         0         0         0         0         0       
   0         0         0         0         0         0         0         0         0         0         0         0         0         0         0         0         0         0       
   0         0         0         0         0         0         0         0         0         0         0         0         0         0         0         0         0         0       
   0         0         0         0         0         0         0         0         0         0         0         0         0         0         0         0         0         0       
   0         0         0         0         0         0         0         0         0         0         0         0         0         0         0         0         0         0       
   0         0         0         0         0         0         0         0         0         0         0         0         0         0         0         0         0         0       
   0         0         0         0         0         0         0         0         0         0         0         0         0         0         0         0         0         0       
   0         0         0         0         0         0         0         0         0         0         0         0         0         0         0         0         0         0       
   0         0         0         0         0         0         0         0         0         0         0         0         0         0         0         0         0         0       
   0         0         0         0         0         0         0         0         0         0         0         0         0         0         0         0         0         0       
   0         0         0         0         0         0         0         0         0         0         0         0         0         0         0         0         0         0       
   0         0         0         0         0         0         0         0         0         0         0         0         0         0         0         0         0         0       
   0         0         0         0         0         0         0         0         0         0         0         0         0         0         0         0         0         0       
   0         0         0         0         0         0         0         0         0         0         0         0         0         0         0         0         0         0       
   0         0         0         0         0         0         0         0         0         0         0         0         0         0         0         0         0         0       
   0         0         0         0         0         0         0         0         0         0         0         0         0         0         0         0         0         0       
   0         0         0         0         0         0         0         0         0         0         0         0         0         0         0         0         0         0       
   0         0         0         0         0         0         0         0         0         0         0         0         0         0         0         0         0         0       

CONTACT
  0:
     dim           3
     geoms         floor : FR_foot
     exclude       0
     efc_address   3
     solref         0.02      1       
     solimp         0.9       0.95      0.001     0.5       2       
     dist          -0.0012  
     includemargin  0       
     pos            6.8       0.51     -0.00061 
     frame          0         0         1         0         1         0        -1         0         0       
     friction       1         1         0.005     0.0001    0.0001  
     mu             1       
  1:
     dim           3
     geoms         floor : RL_foot
     exclude       0
     efc_address   7
     solref         0.02      1       
     solimp         0.9       0.95      0.001     0.5       2       
     dist          -9.3e-05 
     includemargin  0       
     pos            5.7       0.54     -4.7e-05 
     frame          0         0         1         0         1         0        -1         0         0       
     friction       1         1         0.005     0.0001    0.0001  
     mu             1       

EFC_TYPE
  3
  3
  3
  6
  6
  6
  6
  6
  6
  6
  6

EFC_ID
  1
  7
  12
  0
  0
  0
  0
  1
  1
  1
  1

EFC_J
   0         0         0         0         0         0         1         0         0         0         0         0         0         0         0         0         0         0       
   0         0         0         0         0         0         0         0         0         0         0         0         1         0         0         0         0         0       
   0         0         0         0         0         0         0         0         0         0         0         0         0         0         0         0         0        -1       
   0         1         1         0.15     -0.31      0.56      0         0         0        -0.17      0.22      0.31      0         0         0         0         0         0       
   0        -1         1        -0.42     -0.3      -0.19      0         0         0         0.31     -0.11      0.28      0         0         0         0         0         0       
  -1         0         1         0.06     -0.06      0.15      0         0         0        -0.1      -0.16      0.18      0         0         0         0         0         0       
   1         0         1        -0.33     -0.55      0.22      0         0         0         0.24      0.27      0.41      0         0         0         0         0         0       
   0         1         1         0.66     -0.12     -0.87      0         0         0         0         0         0        -0.62      0.41      0.25      0         0         0       
   0        -1         1         0.42      0.9       0.27      0         0         0         0         0         0        -0.31     -0.54     -0.15      0         0         0       
  -1         0         1         0.74      0.64     -0.32      0         0         0         0         0         0        -0.67     -0.38     -0.21      0         0         0       
   1         0         1         0.34      0.13     -0.29      0         0         0         0         0         0        -0.26      0.25      0.3       0         0         0       

EFC_POS
  -0.0031  
  -0.0087  
  -0.0042  
  -0.0012  
  -0.0012  
  -0.0012  
  -0.0012  
  -9.3e-05 
  -9.3e-05 
  -9.3e-05 
  -9.3e-05 

EFC_MARGIN
   0       
   0       
   0       
   0       
   0       
   0       
   0       
   0       
   0       
   0       
   0       

EFC_FRICTIONLOSS
   0       
   0       
   0       
   0       
   0       
   0       
   0       
   0       
   0       
   0       
   0       

EFC_DIAGAPPROX
   3.3     
   3.3     
   8.3     
   1.9     
   1.9     
   1.9     
   1.9     
   1.9     
   1.9     
   1.9     
   1.9     

EFC_KBIP
   2.8e+03   1.1e+02   0.95      0       
   2.8e+03   1.1e+02   0.95      0       
   2.8e+03   1.1e+02   0.95      0       
   2.8e+03   1.1e+02   0.95      0       
   2.8e+03   1.1e+02   0.95      0       
   2.8e+03   1.1e+02   0.95      0       
   2.8e+03   1.1e+02   0.95      0       
   2.8e+03   1.1e+02   0.9      -19      
   2.8e+03   1.1e+02   0.9      -19      
   2.8e+03   1.1e+02   0.9      -19      
   2.8e+03   1.1e+02   0.9      -19      

EFC_D
   5.8     
   5.8     
   2.3     
   10      
   10      
   10      
   10      
   4.9     
   4.9     
   4.9     
   4.9     

EFC_R
   0.17    
   0.17    
   0.44    
   0.099   
   0.099   
   0.099   
   0.099   
   0.21    
   0.21    
   0.21    
   0.21    

ACTUATOR_VELOCITY
   0.14    
   7.1     
  -8.5     
   1.7     
  -1.1     
  -1.5     
   0.029   
   1.4     
  -4.9     
   5.1     
   7       
  -1.8     

CVEL
   0         0         0         0         0         0       
   2.3      -0.28      0.2      -0.045     0.0029    0.17    
   2.2      -0.37      0.18     -0.042    -0.0022    0.18    
   5.6      -3.4      -5.3      -1.1       1.4      -1.2     
   1.6       0.21      1.2       0.17      2        -0.77    
   1        -1.3      -0.044    -0.065     0.061     0.036   
   0.38     -0.48      0.17     -0.047    -0.0085    0.36    
  -0.56      0.65      0.46      0.13      0.12      0.46    
   2.3      -0.3       0.2      -0.044     0.0018    0.17    
   3        -0.9      -0.92      0.09     -0.28      0.4     
   0.67      1.2       2.9      -0.074     2        -0.95    
  -1.7      -3.4      -0.56     -0.11      0.18     -0.24    
   2.7      -8.5      -2.6      -0.032    -0.47      1.5     
   1.6      -7.2      -2.1      -0.14     -0.17      0.57    

CDOF_DOT
   0         0         0         0         0         0       
   0         0         0         0         0         0       
   0         0         0         0         0         0       
   0         0         0        -0.11      0.14     -0.01    
   0        -0         0        -0.12     -0.08     -0.046   
   0         0        -0         0.057     0.074     0.027   
   0.17      0.19     -1.6       0.092    -0.27     -0.054   
   0.36      1.8      -0.77      0.11      0.46      0.41    
   0.36      1.8      -0.77     -1.8      -0.33     -1.1     
   0.17      0.19     -1.6       0.12      0.046     0.11    
   0.22      0.18      0.014     0.41      0.33      0.058   
   0.22      0.18      0.014     0.32      0.22     -0.049   
   0.17      0.19     -1.6       0.092    -0.27     -0.054   
   0.32      1.9      -0.83      0.059    -0.31     -0.41    
   0.32      1.9      -0.83     -0.29     -0.59     -1.3     
   0.17      0.19     -1.6       0.12      0.046     0.11    
   0.58     -0.83      3.3      -1.1       0.24      0.16    
   0.58     -0.83      3.3      -3.8      -0.66      0.4     

QFRC_BIAS
   42      
   15      
   6.1e+02 
   14      
   0.33    
  -10      
  -8       
   0.24    
   2.9     
   4.3     
  -2.5     
   1.5     
  -6.5     
  -1.3     
   0.46    
   3.6     
  -2.2     
   2.7     

QFRC_SPRING
   0       
   0       
   0       
   0       
   0       
   0       
   0       
   0       
   0       
   0       
   0       
   0       
   0       
   0       
   0       
   0       
   0       
   0       

QFRC_DAMPER
   0.048   
   0.024   
  -0.17    
  -1.7     
   1.5     
  -0.74    
  -0.14    
  -7.1     
   8.5     
  -1.7     
   1.1     
   1.5     
  -0.029   
  -1.4     
   4.9     
  -5.1     
  -7       
   1.8     

QFRC_GRAVCOMP
   0       
   0       
   0       
   0       
   0       
   0       
   0       
   0       
   0       
   0       
   0       
   0       
   0       
   0       
   0       
   0       
   0       
   0       

QFRC_FLUID
   0       
   0       
   0       
   0       
   0       
   0       
   0       
   0       
   0       
   0       
   0       
   0       
   0       
   0       
   0       
   0       
   0       
   0       

QFRC_PASSIVE
   0.048   
   0.024   
  -0.17    
  -1.7     
   1.5     
  -0.74    
  -0.14    
  -7.1     
   8.5     
  -1.7     
   1.1     
   1.5     
  -0.029   
  -1.4     
   4.9     
  -5.1     
  -7       
   1.8     

EFC_VEL
   0.14    
   0.029   
   1.8     
   0.28    
   0.006   
   0.24    
   0.045   
   0.15    
  -0.25    
   0.75    
  -0.84    

EFC_AREF
  -6       
   20      
  -1.8e+02 
  -27      
   2.6     
  -22      
  -1.5     
  -16      
   27      
  -78      
   89      

SUBTREE_LINVEL
   0         0         0       
   0         0         0       
   0         0         0       
   0         0         0       
   0         0         0       
   0         0         0       
   0         0         0       
   0         0         0       
   0         0         0       
   0         0         0       
   0         0         0       
   0         0         0       
   0         0         0       
   0         0         0       

SUBTREE_ANGMOM
   0         0         0       
   0         0         0       
   0         0         0       
   0         0         0       
   0         0         0       
   0         0         0       
   0         0         0       
   0         0         0       
   0         0         0       
   0         0         0       
   0         0         0       
   0         0         0       
   0         0         0       
   0         0         0       

ACTUATOR_FORCE
  -56      
   4.6     
  -1.1e+02 
  -40      
   10      
   1.1     
  -84      
   17      
   3.3     
   0.16    
   32      
  -43      

QFRC_ACTUATOR
   0       
   0       
   0       
   0       
   0       
   0       
  -56      
   4.6     
  -1.1e+02 
  -40      
   10      
   1.1     
  -84      
   17      
   3.3     
   0.16    
   32      
  -43      

QFRC_SMOOTH
  -42      
  -15      
  -6.1e+02 
  -15      
   1.2     
   9.4     
  -48      
  -2.7     
  -1.1e+02 
  -46      
   14      
   1.1     
  -78      
   16      
   7.8     
  -8.5     
   28      
  -44      

QACC_SMOOTH
  -0.82    
  -0.38    
  -10      
  -1.5e+02 
  -6.5     
   6.4     
  -4.6e+02 
   41      
  -7.7e+02 
  -3.2e+02 
   43      
   21      
  -4.2e+02 
   63      
   25      
  -42      
   1.7e+02 
  -3.2e+02 

EFC_B
  -4.5e+02 
  -4.4e+02 
   5e+02   
   69      
  -44      
   36      
  -11      
   1.9e+02 
  -11      
   2e+02   
  -24      

EFC_FORCE
   59      
   1.2e+02 
   0       
   0       
   64      
   0       
   0       
   0       
   88      
   0       
   1.1e+02 

EFC_STATE
  1
  1
  0
  0
  1
  0
  0
  0
  1
  0
  1

QFRC_CONSTRAINT
   1.1e+02 
  -1.5e+02 
   2.6e+02 
   48      
   74      
  -20      
   59      
   0       
   0       
   20      
  -6.8     
   18      
   67      
  -19      
   20      
   0       
   0       
   0       

QFRC_INVERSE
   0       
   0       
   0       
   0       
   0       
   0       
   0       
   0       
   0       
   0       
   0       
   0       
   0       
   0       
   0       
   0       
   0       
   0       

CACC
   0         0         0        -0        -0         9.8     
   1.5       25        3.9       2.5      -4.3       6.9     
   14        35        6.1       2.2      -3.8       5.9     
   26        39       -15        0.077     3.5       4.9     
  -3.3e+02   3.4e+02   5.7e+02   1.2e+02   57        53      
   1e+02     1e+02     20        4.2      -8.7       17      
   1e+02     98        19        3.7      -8.8       16      
   2e+02    -25       -13       -16       -23        5.2     
   2.7       26        4.1       2.4      -4.3       6.8     
  -15        44        32       -1         2.7       0.077   
   87       -57       -1.3e+02   7.7      -97        66      
  -6.6       19       -6.2       2.9      -3.7       6.6     
   97       -1e+02    -30       -3.3      -17        49      
  -94        1.2e+02   54       -16        35       -1.2e+02 

CFRC_INT
  -2.5      -2.2      -0.58     -0.23      0.49      0.18    
  -2.5      -2.2      -0.58     -0.23      0.49      0.18    
  -16        5.3       10       -9.8       40       -20      
  -17        5.4       13       -15        48       -23      
  -28        1.9       25       -47        68       -52      
   17        37        25       -5.2       70       -96      
   16        38        28       -8.8       78       -1e+02   
   16        20        29       -8.4       78       -48      
  -7.4      -61       -34       -69        51       -79      
  -4.8      -66       -36       -73        59       -99      
   0.81     -93       -50       -91        90       -1.7e+02 
   14       -6.8       2.8       5.3      -7.7      -15      
   18       -9.5       1.2       2.2      -1.6      -32      
   17       -5.9      -2.3      -5.1       7.2      -45      

CFRC_EXT
   0         0         0         0         0         0       
   0         0         0         0         0         0       
   0         0         0         0         0         0       
   0         0         0         0         0         0       
   0         0         0         0         0         0       
   0         0         0         0         0         0       
   0         0         0         0         0         0       
  -11       -25       -25        0        -64        64      
   0         0         0         0         0         0       
   0         0         0         0         0         0       
   2.4       1.1e+02   46        1.1e+02  -88        2e+02   
   0         0         0         0         0         0       
   0         0         0         0         0         0       
   0         0         0         0         0         0       

